#name	chrom	strand	txStart	txEnd	cdsStart	cdsEnd	exonCount	exonStarts	exonEnds	proteinID	alignID
uc002xfg.2	chr20	+	35089841	35157038	35128623	35155434	7	35089841,35125107,35127990,35128601,35152652,35154253,35155215,	35089913,35125469,35128079,35129014,35152744,35154409,35157038,	NP_001035951	uc002xfg.2
uc002xfh.2	chr20	+	35090141	35157038	35090971	35155434	7	35090141,35125107,35127990,35128601,35152652,35154253,35155215,	35091002,35125469,35128079,35129014,35152744,35154409,35157038,	Q9Y2H0-3	uc002xfh.2
uc002xfi.2	chr20	+	35120785	35157038	35127707	35154466	7	35120785,35125107,35127644,35128601,35152652,35154253,35155215,	35121588,35125469,35127724,35129014,35152744,35154480,35157038,		uc002xfi.2
uc002xfj.2	chr20	+	35126219	35157038	35128623	35155434	6	35126219,35127990,35128601,35152652,35154253,35155215,	35127724,35128079,35129014,35152744,35154409,35157038,	NP_001035951	uc002xfj.2
uc002xfk.3	chr20	-	35136104	35201678	35136104	35136104	5	35136104,35137214,35139282,35199843,35201314,	35136677,35137228,35139435,35199946,35201678,		uc002xfk.3
uc002xfl.1	chr20	+	35169896	35178226	35173287	35177652	4	35169896,35173261,35176434,35177479,	35169964,35173471,35176596,35178226,	NP_006088	uc002xfl.1
uc002xfm.1	chr20	+	35169896	35178226	35173287	35177652	3	35169896,35173261,35177479,	35169964,35173471,35178226,	NP_852667	uc002xfm.1
uc002xfn.2	chr20	+	35202009	35222350	35207177	35219834	3	35202009,35207143,35219312,	35202148,35207369,35222350,	B2R9U3	uc002xfn.2
uc002xfo.2	chr20	+	35202955	35240958	35207177	35240454	5	35202955,35207143,35236117,35238003,35240412,	35203038,35207369,35236221,35238133,35240958,	Q9BUV8-2	uc002xfo.2
uc002xfp.2	chr20	+	35234166	35240938	35234354	35240412	4	35234166,35236117,35238003,35240394,	35234468,35236221,35238133,35240938,	Q9BUV8-3	uc002xfp.2
uc002xft.2	chr20	+	35234166	35240958	35234166	35234166	5	35234166,35236117,35236292,35238003,35240412,	35234468,35236221,35236403,35238133,35240958,		uc002xft.2
uc002xfq.2	chr20	+	35234166	35240958	35234354	35240454	4	35234166,35236117,35238003,35240412,	35234468,35236221,35238133,35240958,	Q9BUV8-2	uc002xfq.2
uc002xfr.2	chr20	+	35234166	35240958	35234354	35240626	3	35234166,35236117,35240412,	35234468,35236221,35240958,	Q5QPG6	uc002xfr.2
uc002xfs.2	chr20	+	35234166	35240958	35234354	35240450	4	35234166,35236117,35238003,35240412,	35234468,35236221,35238161,35240958,	Q5QPG7uc002xfs.2
uc002xfu.2	chr20	-	35240923	35274558	35242371	35269738	8	35240923,35242707,35243627,35260997,35261945,35262892,35269647,35274239,	35242389,35242790,35243777,35261101,35262032,35262992,35269781,35274558,	Q9H6Q3-2	uc002xfu.2
uc002xfv.2	chr20	-	35240923	35274558	35242268	35269738	8	35240923,35242707,35243627,35260997,35261945,35262892,35269647,35274239,	35242389,35242840,35243777,35261101,35262032,35262992,35269781,35274558,	A8K648	uc002xfv.2
uc002xfw.2	chr20	-	35280169	35374481	35281922	35350138	16	35280169,35284762,35284899,35288739,35293448,35293638,35294691,35299743,35309218,35310920,35312815,35315894,35317081,35335374,35350081,35374447,	35282104,35284814,35284935,35288787,35293500,35293704,35294795,35299800,35309305,35310981,35312878,35316015,35317187,35335410,35350186,35374481,	Q9UGV2	uc002xfw.2
uc002xfx.2	chr20	-	35280169	35374481	35281922	35350138	15	35280169,35284762,35284899,35288739,35293448,35293638,35294691,35299743,35309218,35310920,35312815,35315894,35317081,35350081,35374447,	35282104,35284814,35284935,35288787,35293500,35293704,35294795,35299800,35309305,35310981,35312878,35316015,35317187,35350186,35374481A2A2S8	uc002xfx.2
uc010zvq.1	chr20	-	35280169	35374481	35281922	35335409	14	35280169,35284762,35284899,35288739,35293448,35293638,35294691,35299743,35309218,35310920,35312815,35335374,35350081,35374447,	35282104,35284814,35284935,35288787,35293500,35293704,35294795,35299800,35309305,35310981,35312878,35335410,35350186,35374481,	B7Z341	uc010zvq.1
uc010zvr.1	chr20	-	35280169	35374481	35281922	35312862	13	35280169,35284762,35284899,35288739,35293448,35293638,35294691,35299743,35309218,35310920,35312815,35350081,35374447,	35282104,35284814,35284935,35288787,35293500,35293704,35294795,35299800,35309305,35310981,35312878,35350186,35374481,	B7Z341	uc010zvr.1