uc002xfp.2	chr20	+	35234166	35240938	35234354	35240412	4	35234166,35236117,35238003,35240394,	35234468,35236221,35238133,35240938,	Q9BUV8-3	uc002xfp.2
uc002xft.2	chr20	+	35234166	35240958	35234166	35234166	5	35234166,35236117,35236292,35238003,35240412,	35234468,35236221,35236403,35238133,35240958,		uc002xft.2
uc002xfq.2	chr20	+	35234166	35240958	35234354	35240454	4	35234166,35236117,35238003,35240412,	35234468,35236221,35238133,35240958,	Q9BUV8-2	uc002xfq.2
uc002xfr.2	chr20	+	35234166	35240958	35234354	35240626	3	35234166,35236117,35240412,	35234468,35236221,35240958,	Q5QPG6	uc002xfr.2
uc002xfs.2	chr20	+	35234166	35240958	35234354	35240450	4	35234166,35236117,35238003,35240412,	35234468,35236221,35238161,35240958,	Q5QPG7uc002xfs.2
uc002xfu.2	chr20	-	35240923	35274558	35242371	35269738	8	35240923,35242707,35243627,35260997,35261945,35262892,35269647,35274239,	35242389,35242790,35243777,35261101,35262032,35262992,35269781,35274558,	Q9H6Q3-2	uc002xfu.2
uc002xfv.2	chr20	-	35240923	35274558	35242268	35269738	8	35240923,35242707,35243627,35260997,35261945,35262892,35269647,35274239,	35242389,35242840,35243777,35261101,35262032,35262992,35269781,35274558,	A8K648	uc002xfv.2
uc002xfw.2	chr20	-	35280169	35374481	35281922	35350138	16	35280169,35284762,35284899,35288739,35293448,35293638,35294691,35299743,35309218,35310920,35312815,35315894,35317081,35335374,35350081,35374447,	35282104,35284814,35284935,35288787,35293500,35293704,35294795,35299800,35309305,35310981,35312878,35316015,35317187,35335410,35350186,35374481,	Q9UGV2	uc002xfw.2
uc002xfx.2	chr20	-	35280169	35374481	35281922	35350138	15	35280169,35284762,35284899,35288739,35293448,35293638,35294691,35299743,35309218,35310920,35312815,35315894,35317081,35350081,35374447,	35282104,35284814,35284935,35288787,35293500,35293704,35294795,35299800,35309305,35310981,35312878,35316015,35317187,35350186,35374481A2A2S8	uc002xfx.2
uc010zvq.1	chr20	-	35280169	35374481	35281922	35335409	14	35280169,35284762,35284899,35288739,35293448,35293638,35294691,35299743,35309218,35310920,35312815,35335374,35350081,35374447,	35282104,35284814,35284935,35288787,35293500,35293704,35294795,35299800,35309305,35310981,35312878,35335410,35350186,35374481,	B7Z341	uc010zvq.1
uc010zvr.1	chr20	-	35280169	35374481	35281922	35312862	13	35280169,35284762,35284899,35288739,35293448,35293638,35294691,35299743,35309218,35310920,35312815,35350081,35374447,	35282104,35284814,35284935,35288787,35293500,35293704,35294795,35299800,35309305,35310981,35312878,35350186,35374481,	B7Z341	uc010zvr.1